175.35742	343.79648	0	3697964977688872
175.35742	343.79648	0	3697964985594122
175.35742	343.79648	0	3697965006354581
174.82648	343.20654	0	3697965022530581
174.82648	343.20654	0	3697965038684205
174.82648	343.20654	0	3697965057920664
174.82648	343.20654	0	3697965076814539
174.82648	343.20654	0	3697965093671747
175.35742	343.20654	0	3697965109042205
175.94736	343.3835	0	3697965126097497
175.94736	343.3835	0	3697965144733914
176.5963	344.03244	0	3697965160527747
177.12724	344.5634	0	3697965176838164
177.12724	344.5634	0	3697965192834956
177.12724	344.5634	0	3697965211170956
177.5992	345.0943	0	3697965227228539
177.5992	345.0943	0	3697965243514622
177.5992	345.0943	0	3697965259543997
177.5992	345.0943	0	3697965278672622
177.77618	345.62524	0	3697965295335622
177.77618	345.62524	0	3697965311186747
177.77618	345.62524	0	3697965328035164
177.77618	345.62524	0	3697965344329914
177.77618	345.62524	0	3697965361626997
177.77618	345.62524	0	3697965377831664
177.77618	346.1562	0	3697965393241747
177.77618	346.1562	0	3697965409736455
177.7172	346.80508	0	3697965425939956
177.6582	347.39502	0	3697965442157789
177.6582	348.04395	0	3697965458777456
177.6582	348.92883	0	3697965477393831
177.6582	350.40366	0	3697965494022122
178.18915	351.34753	0	3697965510458039
178.6611	352.3504	0	3697965526976247
178.95607	353.47128	0	3697965550600039
179.42802	354.0022	0	3697965567555956
181.25685	356.30292	0	3697965585619997
182.14177	356.95184	0	3697965605876831
182.7317	357.4238	0	3697965622857456
183.26266	357.54178	0	3697965639689622
183.9706	357.83673	0	3697965656578956
184.61954	357.83673	0	3697965674787789
185.15048	357.83673	0	3697965690188039
185.68143	357.83673	0	3697965706676081
186.21237	357.83673	0	3697965722330956
186.92032	357.60077	0	3697965742927872
187.45126	357.3058	0	3697965759607164
187.45126	357.1878	0	3697965776232831
188.0412	356.53888	0	3697965792768539
188.0412	355.94897	0	3697965811076497
188.0412	355.94897	0	3697965828533372
188.0412	355.41803	0	3697965844360747
188.0412	354.7691	0	3697965859796414
188.0412	354.12018	0	3697965877709914
188.0412	354.12018	0	3697965894000122
188.0412	353.58926	0	3697965910104206
188.0412	353.58926	0	3697965925984206
188.0412	353.58926	0	3697965943724914
188.0412	353.58926	0	3697965985441081
188.0412	353.58926	0	3697966135531914
188.0412	353.58926	0	3697966168758247
188.0412	353.58926	0	3697966185550914
188.0412	353.58926	0	3697966203899956
188.0412	353.58926	0	3697966235351248
188.0412	353.58926	0	3697966252480664
188.0412	353.58926	0	3697966273615872
188.0412	353.58926	0	3697966289113247
188.0412	353.58926	0	3697966317246206
188.0412	353.58926	0	3697966336390039
188.0412	353.58926	0	3697966353196706
188.0412	353.58926	0	3697966368792747
188.0412	353.58926	0	3697966385503748
188.0412	353.58926	0	3697966403158622
188.0412	353.58926	0	3697966431775539
188.0412	353.58926	0	3697966446099706
188.0412	353.05832	0	3697966461298414
188.0412	353.05832	0	3697966485571789
188.0412	352.46838	0	3697966502709748
188.0412	352.46838	0	3697966519090414
188.0412	352.46838	0	3697966537698039
187.92322	351.93747	0	3697966566552581
187.86423	351.93747	0	3697966581918206
187.86423	351.28854	0	3697966600615456
187.86423	349.81372	0	3697966624244956
187.86423	349.0468	0	3697966641442248
187.86423	348.22092	0	3697966657648706
187.74622	347.27704	0	3697966677748373
187.56924	346.27417	0	3697966693904956
187.33328	345.3303	0	3697966710586706
185.74042	342.79358	0	3697966743725706
184.9735	341.9087	0	3697966760495956
184.26556	341.14178	0	3697966777266748
183.55763	340.55188	0	3697966792664873
182.79071	340.07993	0	3697966814903331
182.02377	339.78497	0	3697966830466123
181.13887	339.13605	0	3697966846085331
179.54602	338.6051	0	3697966863677331
178.60211	337.8382	0	3697966880557248
177.77618	337.54324	0	3697966896736581
177.18625	337.30728	0	3697966912597206
176.65529	337.30728	0	3697966928628206
176.06535	337.42526	0	3697966945863164
174.88547	339.01807	0	3697966961652539
174.35452	340.02094	0	3697966980172623
174.11855	341.2008	0	3697966996033498
173.88257	342.49863	0	3697967016747914
173.94156	344.79935	0	3697967033309039
175.06245	346.8641	0	3697967049673498
178.01216	351.5245	0	3697967070110331
179.31004	353.29428	0	3697967101610331
181.37485	353.88422	0	3697967119714123
183.08568	352.3504	0	3697967141348623
184.08858	350.9936	0	3697967158079998
184.73752	349.57776	0	3697967175387581
184.9735	347.69	0	3697967192321456
184.79651	346.27417	0	3697967215568498
183.32166	344.68137	0	3697967233755623
181.31584	343.3835	0	3697967250335956
176.95027	344.5634	0	3697967271515664
175.35742	346.80508	0	3697967287548081
174.70848	349.4008	0	3697967316157248
174.70848	351.87848	0	3697967330904914
177.06825	354.29718	0	3697967347128998
179.19205	354.59213	0	3697967362453373
181.61082	354.41516	0	3697967377724248
184.02959	352.76337	0	3697967393514164
185.74042	350.63962	0	3697967412186623
186.0354	347.454	0	3697967428168123
185.38646	345.9202	0	3697967444274373
183.9706	345.3303	0	3697967460000706
182.43674	345.38928	0	3697967482646789
180.48993	347.21805	0	3697967500642414
180.07697	348.98782	0	3697967516431164
180.01797	350.8166	0	3697967535535081
181.96478	352.70438	0	3697967552628748
183.67561	351.70148	0	3697967569987039
184.38356	350.46265	0	3697967587859664
183.55763	347.749	0	3697967619556581
182.90869	346.8641	0	3697967650521914
175.00345	345.9792	0	3697967669121206
174.17754	343.91446	0	3697967686154123
179.60501	346.03818	1	3697968511714541
179.60501	346.03818	1	3697968518491832
178.95607	345.74323	1	3697968536313333
178.30714	345.68423	1	3697968554297041
177.6582	347.454	1	3697968571148541
177.36322	349.75473	1	3697968587769499
179.36903	356.30292	1	3697968619999082
181.66982	358.95758	1	3697968649793874
185.9764	359.78348	1	3697968665782249
188.45416	358.13168	1	3697968683218916
190.34198	354.65112	1	3697968700159458
190.9909	349.75473	1	3697968717100916
186.38937	337.1893	1	3697968743497957
183.73462	335.95044	1	3697968761495249
182.61372	336.06842	1	3697968777995416
179.07407	338.6051	1	3697968794522124
177.42223	345.62524	1	3697968813315666
177.36322	349.51877	1	3697968829424332
178.30714	351.40652	1	3697968845561958
179.36903	351.5835	1	3697968861044958
182.61372	348.22092	1	3697968892295457
182.61372	345.74323	1	3697968908326874
181.66982	343.3835	1	3697968924992582
180.31294	342.0267	1	3697968943743166
177.95317	342.6166	1	3697968961118458
175.94736	344.62238	1	3697968977716957
174.23653	347.92596	1	3697968994049416
172.99765	351.40652	1	3697969012188791
172.4077	354.12018	1	3697969028596124
173.05664	355.94897	1	3697969044087082
170.10692	355.0051	1	3697969113042332
