507.61346	284.50882	0	3725742052524262
507.61346	284.50882	0	3725742075451221
507.08252	284.6858	0	3725742100801054
507.08252	284.6858	0	3725742127005346
505.8437	286.2196	0	3725742156880054
505.8437	286.2196	0	3725742179050929
506.02063	287.69443	0	3725742200792471
506.02063	288.6383	0	3725742223901804
506.02063	289.28723	0	3725742245408054
508.26245	291.7059	0	3725742269294846
509.97327	292.53183	0	3725742291384512
511.62512	293.71167	0	3725742313728054
514.33887	295.1275	0	3725742339162846
515.4597	295.59943	0	3725742359835512
516.5216	295.8944	0	3725742379430554
519.41235	296.0124	0	3725742402392679
520.17926	295.9534	0	3725742427801262
522.0081	295.24548	0	3725742455749179
522.893	294.47858	0	3725742476945971
523.66	293.5347	0	3725742498682012
525.0758	291.8829	0	3725742521702346
526.07874	290.93903	0	3725742542211929
527.02264	289.99512	0	3725742562339679
528.3205	286.0426	0	3725742599823887
528.4385	285.5117	0	3725742622081096
528.4385	283.7419	0	3725742645558971
528.3205	282.38507	0	3725742671803513
527.49457	280.73328	0	3725742699922471
527.2586	279.90738	0	3725742724649721
526.55066	278.37357	0	3725742750327013
525.96075	278.0786	0	3725742774063387
525.31177	277.60666	0	3725742794073679
523.188	275.6599	0	3725742816820013
522.4211	275.60092	0	3725742837916346
521.24115	275.83688	0	3725742859156679
518.7044	276.07285	0	3725742882690013
517.70154	275.95486	0	3725742907153846
515.22375	275.24695	0	3725742932381221
512.333	276.07285	0	3725742959084471
509.91425	277.54767	0	3725742979848971
506.2566	282.2671	0	3725743003958471
505.96167	286.1606	0	3725743024193929
506.07965	287.0455	0	3725743044060096
510.15027	288.34332	0	3725743065495304
512.09705	287.51743	0	3725743090651013
514.0439	284.33182	0	3725743114294929
514.5748	278.55054	0	3725743135350304
513.6899	276.36783	0	3725743155894888
509.32434	275.6599	0	3725743183779971
506.84656	277.54767	0	3725743209455929
504.54578	284.09586	0	3725743237846721
504.54578	285.5117	0	3725743260829554
507.31854	283.7419	0	3725743283540721
508.97034	281.9721	0	3725743310751513
509.79626	280.26132	0	3725743331708721
509.3833	279.7894	0	3725743358406138
507.79047	282.03113	0	3725743380340179
505.5487	289.28723	0	3725743403553596
506.37463	290.821	0	3725743426438346
510.15027	290.99802	0	3725743449733929
512.215	289.75916	0	3725743477153679
514.2208	285.92462	0	3725743499057929
514.2208	285.33472	0	3725743523526138
512.923	284.44983	0	3725743546860554
510.74017	286.63254	0	3725743569657971
511.5661	289.2282	0	3725743598811513
517.0526	287.51743	0	3725743644027013
519.1764	283.32895	0	3725743665431263
519.1764	281.85413	0	3725743685734471
518.52747	281.08722	0	3725743707509388
515.40076	284.33182	0	3725743732505679
513.9259	287.0455	0	3725743757695846
513.33594	289.64117	0	3725743783218304
515.34174	288.87427	0	3725743807338304
518.0555	285.57068	0	3725743833635888
518.35046	284.21384	0	3725743858397554
518.29144	283.62393	0	3725743880810304
514.2208	286.1606	0	3725743906021679
512.51	288.34332	0	3725743927966471
514.3978	291.58792	0	3725743951634763
516.8166	291.7059	0	3725743977138471
521.41815	288.6973	0	3725744003787346
522.775	286.2196	0	3725744030456263
521.1822	283.15198	0	3725744053591263
519.70734	283.093	0	3725744079334638
516.46265	288.34332	0	3725744102714013
515.8137	291.116	0	3725744129330846
516.9346	292.4728	0	3725744152766804
518.1145	291.35196	0	3725744173903804
520.17926	286.1606	0	3725744200297763
520.29724	284.80377	0	3725744223867221
517.1706	286.10162	0	3725744248971263
516.0497	288.04837	0	3725744274969055
515.99066	289.64117	0	3725744296191056
519.2944	289.4052	0	3725744323557264
522.952	285.57068	0	3725744346305889
523.9549	281.3822	0	3725744371231139
522.775	280.6743	0	3725744392513306
518.17346	283.50592	0	3725744416129181
516.5216	286.51456	0	3725744445827097
515.5777	289.93613	0	3725744469050930
516.46265	290.0541	0	3725744493196847
518.8224	286.69153	0	3725744517039722
518.9404	285.09872	0	3725744539868764
516.8756	283.15198	0	3725744564973722
515.8137	283.093	0	3725744590386139
514.8108	285.57068	0	3725744616872806
515.5777	286.92752	0	3725744639925430
519.9433	284.92175	0	3725744664965097
523.011	280.20233	0	3725744699854055
523.07	277.9016	0	3725744724118639
519.7663	278.49155	0	3725744749761597
517.9965	280.08435	0	3725744772740722
515.5777	285.4527	0	3725744800245681
516.34467	285.4527	0	3725744822753597
517.7605	284.3908	0	3725744843648847
519.58936	280.02536	0	3725744866675889
519.58936	279.49442	0	3725744889732014
515.51874	280.26132	0	3725744919025722
512.923	282.85703	0	3725744941849681
512.628	284.6268	0	3725744963480972
514.6338	286.69153	0	3725744989683722
516.46265	286.75052	0	3725745011834389
519.9433	281.9721	0	3725745038991889
520.0613	279.61243	0	3725745062378764
518.5864	277.19373	0	3725745084896430
516.46265	278.84552	0	3725745109086681
514.9878	282.09012	0	3725745129747972
513.9259	288.6973	0	3725745157040431
515.6367	289.5232	0	3725745179650181
518.8814	286.63254	0	3725745202659681
519.0584	284.21384	0	3725745226541848
515.8727	280.26132	0	3725745249063097
513.2769	280.37933	0	3725745274975764
508.6164	284.86276	0	3725745298173764
508.08545	286.9865	0	3725745321626431
510.7992	287.69443	0	3725745345146431
516.8756	284.98074	0	3725745368929847
518.64545	283.26996	0	3725745396320681
518.9994	283.44693	0	3725745420948389
518.29144	285.5117	0	3725745446105806
517.1116	291.29297	0	3725745471675681
516.8756	292.7678	0	3725745495315931
518.0555	292.53183	0	3725745521580014
518.0555	292.41382	0	3725745545269681
515.8137	292.35483	0	3725745571344889
515.22375	292.4728	0	3725745597573264
514.45685	293.94763	0	3725745621930848
517.9965	293.2987	0	3725745653499847
