1056.6147	78.32932	0	2983461288155841
1056.6147	78.32932	0	2983461296084174
1056.6147	78.32932	0	2983461312820132
1056.6147	78.86026	0	2983461329414882
1056.7327	80.276085	0	2983461347295466
1057.4407	82.22285	0	2983461355434674
1065.5228	147.40977	1	2983462024791592
1065.5228	147.40977	1	2983462029397008
1065.4639	150.3594	1	2983462046293592
1065.4639	152.60114	1	2983462061210300
1050.8333	104.87604	2	2983462318059384
1049.2405	105.05302	2	2983462329416217
1047.5295	105.583954	2	2983462346603884
1046.7037	106.35086	2	2983462363259467
1047.2346	105.171005	2	2983462376817175
1056.2018	95.55519	3	2983462491148717
1056.2018	95.55519	3	2983462496092051
1056.2018	96.08613	3	2983462512884134
1056.2018	96.853035	3	2983462529341550
1055.9067	98.44584	3	2983462546214676
1054.7269	99.507706	3	2983462563043134
1057.7356	97.089005	4	2983462656500009
1057.7356	97.089005	4	2983462663938384
1056.9097	98.44584	4	2983462679452842
1056.1428	99.861664	4	2983462696172634
1054.4319	101.92641	4	2983462713026134
1055.0809	103.69618	4	2983462723994509
1051.2462	118.975296	5	2983462845256426
1051.0103	119.919174	5	2983462863044384
1050.9513	122.92781	5	2983462879630009
1050.5383	124.16666	5	2983462896270676
1051.6002	125.52348	5	2983462908930175
1046.4087	131.0688	6	2983463017750134
1045.4648	132.54361	6	2983463030336092
1043.872	134.60835	6	2983463046715884
1042.456	135.78821	6	2983463063215550
1041.9841	136.26016	6	2983463076227801
1044.226	135.0803	7	2983463190258926
1044.226	135.0803	7	2983463196977092
1044.226	135.84721	7	2983463212869967
1044.226	135.84721	7	2983463236689217
1044.049	136.08318	7	2983463260306634
1040.1553	140.6846	8	2983463364464967
1040.0963	141.51051	8	2983463380600801
1040.0963	142.04144	8	2983463396091301
1041.0403	143.33928	8	2983463412842092
1040.2733	142.04144	8	2983463421730467
1035.1998	164.45866	9	2983463822330467
1035.1998	164.45866	9	2983463829296592
1035.6718	164.9896	9	2983463846071676
1036.6747	166.34644	9	2983463858622092
1033.4889	184.69316	10	2983464041272801
1033.4889	184.69316	10	2983464046438801
1032.958	184.87013	10	2983464062761551
1032.781	185.34209	10	2983464076099009
1028.2384	196.55069	11	2983464221367134
1028.2384	196.55069	11	2983464229436884
1027.7075	199.32335	11	2983464246013218
1027.5305	201.62407	11	2983464262934801
1027.1765	202.50896	11	2983464279593551
1027.8845	203.51183	11	2983464293047134
1026.6456	213.89455	12	2983464403552676
1026.5867	215.0744	12	2983464412658968
1026.3506	217.31612	12	2983464429407801
1026.2327	218.96793	12	2983464445933926
1027.0586	220.20677	12	2983464455219468
1021.6311	225.81107	13	2983464566267884
1020.51025	225.81107	13	2983464579304842
1019.80225	226.75496	13	2983464596168926
1019.80225	226.75496	13	2983464612791926
1020.2152	226.87294	13	2983464625457301
1022.28	240.79523	14	2983464764323468
1021.749	242.38803	14	2983464779336134
1020.15625	246.22253	14	2983464803569801
1017.9734	246.87146	14	2983464831921134
1014.90576	262.8585	15	2983464936641468
1014.3158	263.50742	15	2983464946331759
1014.1388	265.39517	15	2983464962981801
1014.07983	267.5779	15	2983464979404468
1015.08276	269.3477	15	2983464996136718
1014.43384	268.81674	15	2983465008114468
1009.8323	285.2167	16	2983465131791384
1009.6553	286.0426	16	2983465146257509
1009.53723	288.22534	16	2983465162685176
1010.1272	288.87427	16	2983465173924634
1004.8767	300.43683	17	2983465325968968
1003.8738	302.3836	17	2983465346854509
1002.8119	304.33035	17	2983465362965259
1003.6378	306.57208	17	2983465388935884
1005.6437	309.10876	18	2983465492775801
1005.6437	309.10876	18	2983465496055009
1005.6437	309.99365	18	2983465512760009
1005.9386	310.64258	18	2983465529478551
1006.5875	311.8814	18	2983465546678009
1007.41345	313.12027	18	2983465555530468
1001.4551	320.0224	19	2983466529699052
1001.4551	320.0224	19	2983466545812386
1000.9241	319.1375	19	2983466562542094
1000.8651	317.42673	19	2983466579418469
1001.69104	317.95767	19	2983466590364844
1002.2219	316.30588	20	2983466748667136
1002.0449	316.7778	20	2983466762613969
1000.5111	317.8397	20	2983466779287469
998.9773	318.90155	20	2983466796035969
997.8563	318.25262	20	2983466813932052
983.16675	317.36774	21	2983466957640386
983.16675	317.36774	21	2983466962568886
982.10486	317.48572	21	2983466979291094
982.10486	317.48572	21	2983466996007553
980.0991	315.362	21	2983467019442927
963.99365	319.4325	22	2983467146528969
962.9907	319.55048	22	2983467165235386
962.28284	320.1994	22	2983467180552303
960.33594	320.67133	22	2983467196609969
958.9791	320.9073	22	2983467212443594
943.1096	319.84543	23	2983467386252844
943.1096	319.84543	23	2983467396306428
942.81464	321.14328	23	2983467413046761
941.81177	320.9073	23	2983467422468636
926.59125	322.6771	24	2983467583195178
926.59125	322.6771	24	2983467596652969
925.8833	323.73895	24	2983467612761969
925.2344	323.326	24	2983467636941386
913.3175	324.68283	25	2983467785378511
913.3175	324.68283	25	2983467795866719
912.2556	325.98068	25	2983467812452594
913.08154	326.92456	25	2983467821515219
909.7189	312.1174	26	2983468416787845
909.7189	312.1174	26	2983468429271053
909.7189	312.1174	26	2983468445887220
909.7189	312.1174	26	2983468462602053
909.7189	312.1174	26	2983468479091969
909.7189	312.1174	26	2983468491035136
925.0574	306.98502	27	2983468650556678
925.0574	306.98502	27	2983468662394720
925.17535	307.51596	27	2983468679178636
924.6444	308.75482	27	2983468696809261
923.0516	310.17062	27	2983468712660720
919.04	313.35623	27	2983468729598386
915.67725	316.2469	27	2983468746583178
912.1966	319.72745	27	2983468762586428
908.71594	323.267	27	2983468779240595
905.29425	326.33463	27	2983468796685136
900.6337	329.8742	27	2983468821364053
898.33295	331.29	27	2983468842756803
896.5041	331.76196	27	2983468869023345
896.5041	331.76196	27	2983468892002178
897.86096	332.82382	27	2983468916718428
899.0409	333.47275	27	2983468939402386
900.39777	334.23965	27	2983468960618095
903.58344	337.1303	27	2983468986255136
904.9403	338.8411	27	2983469009624720
908.77496	342.49863	27	2983469038343845
914.0844	344.62238	27	2983469063057845
916.2672	344.62238	27	2983469089654053
920.51483	344.97632	27	2983469115951095
922.40265	345.3303	27	2983469140641970
926.9452	347.572	27	2983469167163845
930.0719	349.57776	27	2983469192307886
933.1396	349.81372	27	2983469218784720
